0
0
0
0
1e-06
1e-06
0
3e-06
4e-06
1.1e-05
1e-05
1.6e-05
3.4e-05
5.7e-05
0.000102
0.000171
0.000291
0.000443
0.000635
0.000871
0.001412
0.002071
0.002937
0.003989
0.005551
0.007346
0.009695
0.012396
0.015449
0.019094
0.023031
0.027619
0.03209
0.036931
0.041455
0.045599
0.049118
0.052089
0.054278
0.055633
0.055076
0.053769
0.052132
0.049622
0.045639
0.041006
0.037136
0.032374
0.027731
0.023083
0.01895
0.015486
0.012105
0.009682
0.007302
0.005416
0.004089
0.002854
0.001962
0.001402
0.000999
0.000641
0.00041
0.000256
0.000179
0.000104
7.3e-05
4.2e-05
2.1e-05
6e-06
1.1e-05
6e-06
1e-06
1e-06
1e-06
0
0
0
0
0
