0
0
0
0
0
0
0
0
0
0
0
0
0
1.9e-05
0
2e-06
1.5e-05
0.000116
0.000194
0.000308
0.000335
0.000682
0.001161
0.001832
0.003118
0.004695
0.006727
0.009149
0.013186
0.014955
0.021232
0.02649
0.02971
0.036593
0.043854
0.048536
0.052147
0.058029
0.061855
0.063126
0.06234
0.060225
0.058739
0.056986
0.051273
0.043567
0.036679
0.032213
0.024444
0.020772
0.015335
0.012116
0.008566
0.006843
0.004252
0.002599
0.002153
0.001356
0.000732
0.000326
0.000231
0.000145
2.4e-05
1.1e-05
7e-06
0
0
0
0
0
0
0
0
0
0
0
0
0
0
0
