0
0
0
0
0
0
0
0
0
0
0
0
0
0
0
0
0
0
0
0
8.7e-07
4.56e-06
1.367e-05
3.233e-05
6.504e-05
0.00011163
0.00016773
0.00023082
0.00029067
0.00034035
0.00037205
0.00039491
0.00040132
0.0003973
0.00038859
0.00037625
0.00036223
0.00035421
0.00034536
0.00034232
0.00034274
0.00034577
0.00035275
0.00036268
0.0003746
0.00038983
0.00039944
0.0003993
0.00039395
0.00037443
0.00033925
0.00029034
0.00022849
0.00016752
0.00011053
6.499e-05
3.243e-05
1.332e-05
4.47e-06
8.8e-07
0
0
0
0
0
0
0
0
0
0
0
0
0
0
0
0
0
0
0
0
