0
0
0
0
0
0
0
0
0
0
0
0
0
0
0
0
0
0
0
0
0
0
0
0
0
0
0
1.9e-05
0
0
2e-06
0
0
1.5e-05
5.3e-05
6.3e-05
0.000146
4.8e-05
0.000118
0.00019
0.000208
0.000127
0.000293
0.000389
0.00044
0.000721
0.000884
0.000948
0.00124
0.001878
0.001975
0.00272
0.002798
0.003929
0.004192
0.004957
0.006563
0.006623
0.007088
0.007867
0.00989
0.011342
0.012762
0.013728
0.014318
0.015392
0.017724
0.018869
0.02173
0.022124
0.023949
0.024587
0.025608
0.026539
0.027593
0.030436
0.031921
0.029934
0.031815
0.031311
0.031774
0.030566
0.0311
0.029125
0.029864
0.028875
0.02816
0.028826
0.025894
0.025379
0.023451
0.020116
0.019708
0.016971
0.017144
0.015069
0.012399
0.012045
0.010734
0.010038
0.008489
0.006846
0.006332
0.005784
0.004871
0.003695
0.003294
0.003549
0.002285
0.001967
0.001258
0.001341
0.001093
0.00106
0.000949
0.000407
0.000447
0.000285
0.000181
0.000145
6.5e-05
0.000166
2.2e-05
0.000123
0
2.4e-05
6e-06
5e-06
0
7e-06
0
0
0
0
0
0
0
0
0
0
0
0
0
0
0
0
0
0
0
0
0
0
0
0
0
0
0
0
0
0
