-2.23718
-2.28893
-1.33261
-0.415807
1.81025
-0.806981
-0.0432773
3.1534
-3.90857
-0.972556
-1.09674
5.00734
2.04798
-0.713482
0.114817
-0.804478
-0.737648
1.83701
-5.0581
4.14006
-3.22423
1.34513
0.0261693
-0.814714
-1.34543
0.683906
-0.816219
2.27551
-1.50788
0.124348
-3.96443
2.23581
1.33518
-2.40065
-2.60208
0.496036
0.686916
2.71881
-0.47692
-0.788231
4.30435
3.01762
-0.439266
1.72336
-2.82653
0.428122
1.74777
4.83157
-1.88508
-2.0798
1.30446
2.53638
-2.44987
-1.41151
0.889663
2.84913
2.91195
-0.675837
-0.860185
-3.22268
0.642917
1.88801
-4.00607
1.47528
-0.865245
-5.43151
-2.77816
3.88988
-2.50594
3.28763
-3.42652
-5.33373
-0.794202
1.61269
0.65261
-0.704285
2.44972
2.71469
-0.769974
-0.856965
2.29655
-1.86934
-2.58875
0.0887804
0.141126
-0.754756
-0.0239839
-2.59661
-2.34266
-5.88621
1.65069
0.173094
1.49054
2.27942
-3.69461
-0.176778
2.06099
1.94149
0.227277
-1.53346
-0.105749
-3.7621
1.05064
0.613145
-1.05108
-3.01997
0.798791
-0.702995
-2.37146
2.70907
0.12883
-0.672244
-0.606049
4.08327
2.88791
2.37524
-2.70293
-0.552561
2.00687
4.42591
-0.927648
-2.88772
-0.79792
1.88606
2.81184
-2.43658
-0.453965
1.64248
1.01542
4.52005
-1.27618
-0.430179
-3.36264
-1.66054
-1.07853
-0.221469
0.355101
0.862802
-1.71399
2.72877
-1.76906
-0.527952
-0.0226529
-0.0595819
-1.30559
-1.38039
-1.26622
-0.454564
0.227397
1.15971
-1.94177
-1.79358
-3.49844
-4.12098
-2.84148
2.40601
-0.743796
-1.31712
-0.193625
-3.03989
3.46425
0.981986
0.981986
3.86226
3.86226
-0.329796
-0.329796
0.473164
0.473164
0.014136
0.014136
-1.91811
-1.91811
-0.637497
-0.358083
-0.637497
0.249277
0.520275
0.249277
-0.334923
-0.697574
-0.451583
-0.334923
-0.032096
-0.0551483
-0.124875
-0.032096
-0.10314
0.667907
0.483524
0.831847
0.666226
0.514574
1.79959
2.09276
1.66121
0.981861
0.789243
0.819401
0.119794
0.798348
0.481189
0.732044
-0.252944
-0.104983
-0.156013
0.738287
0.684075
1.29316
1.0283
0.621698
0.339341
0.767264
0.900258
0.957639
1.65192
1.77756
0.957991
0.942986
1.1183
1.18291
1.39635
0.965053
1.05936
1.35079
1.43863
2.11656
1.93148
2.11738
1.6792
1.40934
0.974906
1.16031
0.88538
1.02694
0.779148
0.825849
1.04414
0.216127
0.392017
0.896169
0.597755
1.14077
0.416279
0.798792
1.59333
2.27534
2.17761
2.1965
2.28781
1.68592
1.93667
2.23238
1.98646
1.67692
1.49084
0.901637
0.895557
0.883507
0.541458
1.48476
1.77231
1.08222
1.24701
0.872171
1.0651
0.824596
0.0495782
-0.104352
-0.227312
0.228182
1.01426
0.704939
0.570354
0.437088
0.927065
0.833532
0.273138
0.380924
-0.0197078
0.602158
-0.366595
-1.10391
-0.818353
-0.589122
0.450627
0.30696
0.495537
0.189629
-0.172463
0.105458
0.115821
0.130256
-0.0137624
-0.800898
-0.521141
-0.443862
-0.738243
-0.651554
-0.80718
-0.131684
0.362739
0.267404
-0.120939
-0.145306
-0.0813551
0.335417
0.0893974
0.6822
0.878546
0.998173
0.773864
-0.302313
0.247055
0.360177
-0.320574
-0.0378906
-0.00292101
-0.499641
-0.715508
-0.57074
-0.00480125
-0.256455
-0.788661
-0.937352
-1.14169
-1.25008
-1.4914
-0.716091
-0.30144
-0.402396
-0.702268
0.000972717
0.227936
0.530997
0.323229
0.112272
-0.163936
-0.25596
0.000854403
0.0146482
0.378722
0.0153168
0.226251
0.0417768
0.100878
0.114153
-0.330754
-0.16062
-0.422183
-1.02063
-0.326587
-0.591367
-1.24361
-1.1771
-0.474307
-0.713063
-1.27007
-0.454569
-0.357939
-0.899044
-0.291793
-0.418619
-0.423137
-0.698026
-0.29717
-0.311664
0.356108
-0.0124006
0.552495
0.198853
0.112034
-0.293486
0.122347
0.210165
0.603183
0.755445
1.35881
1.51545
1.9196
1.216
1.23751
0.539174
0.54582
0.524893
0.416843
-0.0590606
0.00921614
0.467687
1.09712
2.05673
1.79128
0.866326
0.725369
0.218635
-0.138939
0.789987
0.950323
0.756314
0.766108
0.774872
0.0927936
0.228039
0.563878
-0.00747067
0.0144373
0.202342
0.0393276
-0.542641
0.291819
0.601432
0.392534
0.332407
0.205328
-0.112893
-0.493907
0.314669
0.435074
0.28511
-0.224646
0.836034
1.06268
0.0498351
-0.0451681
0.130092
0.464748
0.82934
1.88427
1.19831
1.55437
1.06379
0.935383
-0.135682
-0.340052
-0.448943
-0.415329
-0.665266
-1.47664
-1.66062
-1.13235
-0.405072
-0.518617
-0.194871
0.202743
0.197447
0.440686
0.246297
-0.588648
0.0710521
-0.602161
-0.502091
-0.481787
-0.162321
0.133798
-0.0146095
-0.112518
-0.328603
-0.110063
0.655461
0.210403
-0.0446965
0.630926
0.177045
0.00854967
-0.29022
-0.465052
-0.90063
-0.161622
-0.423641
-0.132677
-0.376858
0.00789398
0.275052
0.902116
0.320319
0.590016
0.638826
-0.0527677
0.336502
0.32118
0.751657
0.875283
0.681836
0.326887
0.186409
-0.202769
-0.0607634
-0.644275
-0.117551
-0.52812
-0.890151
-1.08276
-1.36386
-0.807037
-0.824675
-0.846107
-1.04081
-1.10609
-1.1616
-1.35003
-1.24963
-0.912447
-0.183381
-0.0126355
0.230914
-0.101408
-0.00163277
0.335662
0.304421
1.01491
1.12703
0.658286
0.675869
0.732985
1.26909
1.19368
0.418067
0.327137
0.712069
0.340636
0.217156
-0.0598395
-0.810874
-0.143843
-0.308707
-0.99047
-0.19011
-0.88478
-1.77826
-1.98289
-1.5504
-0.795002
-1.01189
-0.788716
-0.0467117
-0.678041
-0.288191
0.285125
0.260359
0.00311356
-0.334009
0.19239
-0.205764
0.16821
0.627402
0.37027
1.05465
0.495766
0.761478
0.990304
0.871075
1.41051
0.941413
0.293459
0.120911
0.580578
0.287949
0.503902
0.336215
0.472874
0.181554
0.646957
0.423029
-0.0710448
-0.0212153
-0.166022
-0.478721
-0.270616
-0.064582
-0.123663
0.0944942
0.53571
0.716122
0.224952
-0.056779
-0.321555
-0.477231
-0.314752
0.129134
-0.478268
-0.739763
-0.612835
-1.04575
-1.06931
-1.08117
-1.30777
-0.93296
-0.975676
-0.827204
-0.314463
0.250271
0.434706
0.295196
0.169522
0.103961
0.744584
0.88779
1.12547
0.956001
1.35974
1.21129
0.674038
-0.100011
0.2068
0.218382
0.106323
-0.366863
0.522705
-0.198674
-0.446722
-0.447474
-0.0581564
-0.0366919
0.0619067
-0.351972
-0.208828
1.28631
0.681196
0.633907
0.593867
0.628706
0.593116
-0.278504
0.0355983
-0.134495
-0.0920844
0.0987948
-0.317869
-0.595169
-0.308435
-0.352522
-0.393298
0.230644
-0.345919
-1.17448
-0.515964
0.453808
0.724526
0.677644
0.953429
0.994108
1.3269
0.857615
0.674714
0.93983
0.625889
0.736637
0.317569
0.538556
0.479506
1.31809
1.5367
1.44515
1.21932
1.38103
0.730379
0.603175
0.357976
0.703349
0.481617
0.922608
-0.0135209
0.160779
0.479619
0.518014
0.344274
0.0310035
0.13543
-0.0180941
0.146436
0.0631741
-0.242237
-0.285491
-0.260201
-0.429788
-0.100923
0.197912
0.12789
-0.70905
-0.301586
0.396989
0.283852
0.399848
0.205598
0.290918
0.590063
0.461737
0.173415
0.211749
-0.510598
-0.32705
-0.31633
-0.476127
-0.493595
-1.20537
-1.60824
-2.1649
-1.07513
-1.52847
-1.44009
-2.02135
-0.825349
-0.432899
-0.789451
-0.678768
-0.866634
-0.26171
-0.820349
-0.767709
-0.498246
-0.709831
0.027419
0.324161
0.78227
0.849728
1.29059
1.16497
0.597533
0.419281
0.732311
0.56701
0.69246
1.16058
0.749377
0.348933
-0.232208
0.00982181
-0.0758413
-0.169347
0.471602
0.123756
0.8586
0.77028
0.175004
-0.0572785
0.148459
0.256724
0.0967963
-0.0181894
-0.367546
-0.737525
-0.238693
-0.425539
-1.04291
-1.02844
-0.179766
-0.412031
-0.21734
-0.369297
0.369733
-0.509217
-0.0581331
0.103155
0.290331
0.0438249
1.39287
0.557797
0.252654
0.136868
-0.112155
-0.789157
-0.715617
-1.09657
-0.599111
-0.458143
-0.131909
0.188386
-0.527645
-0.819657
-0.374803
-0.258452
0.627305
0.291797
0.824274
0.525564
0.546366
-0.0690865
-1.01868
-1.22232
-1.28277
-0.528455
-1.22432
-0.848848
-1.05105
-1.85543
-1.41621
-1.50598
-1.32597
-1.47928
-0.903685
-0.454971
-0.235356
-0.316045
-1.01245
-0.578648
-0.19917
-0.0323568
-0.0026556
-0.108998
0.371536
-0.0429099
-0.115507
-0.285176
0.0891382
-0.292685
-0.819521
-0.243838
-0.115076
-0.131007
-0.024783
-0.698652
-0.315608
-0.636617
-0.316272
-0.038191
0.370514
0.0740751
0.475159
-0.123618
0.293214
0.533408
0.425085
0.165792
0.139868
-0.204444
-0.0582113
0.340138
0.731665
0.0797912
0.824589
0.492862
0.568794
-0.051448
-0.021625
-0.436491
-0.227495
0.0342334
0.673829
1.15616
0.897957
-0.0547829
-0.309511
-0.489763
-0.0427553
-0.413193
-0.715153
-0.804724
-0.74064
-0.299717
0.23339
0.00355023
-0.557559
-0.183144
0.165553
0.875594
0.309138
0.664486
0.253751
0.231343
-0.121911
-0.16437
0.309499
0.751831
1.02813
0.718403
0.69522
0.481424
0.485881
0.269764
0.424241
0.940715
1.15939
1.36731
1.54083
1.31264
0.693675
0.314527
0.368359
0.486019
0.258026
0.256738
-0.141841
-0.558561
-0.865499
-1.03942
-1.6515
-1.32783
-1.03576
-0.861031
-0.540482
-0.692072
-0.178095
0.383109
-0.00815431
0.331853
0.766208
0.61926
0.511963
0.754571
1.08816
0.85159
0.606521
0.678953
0.259562
-0.110795
0.236051
0.0411474
-0.0910725
-0.547937
-0.918056
-0.476793
-0.148359
-0.33714
0.72228
0.44272
0.209801
0.46405
0.100337
0.156407
0.148966
-0.287976
-0.242304
0.285837
0.0705172
-0.0396059
0.0012269
-0.140965
0.177404
0.206073
0.284115
-0.0538166
0.349005
0.187311
0.675413
0.370228
0.418487
0.152709
0.205099
0.243969
0.199752
0.0937793
0.136744
0.504677
0.282883
-0.111629
0.17772
-0.386322
-0.65708
-0.712798
-0.968069
-0.644864
-0.271395
0.509741
0.701215
0.990201
1.10744
1.53632
1.86332
1.18868
1.67452
1.66115
0.877678
0.660993
1.03848
1.0996
1.20209
1.62791
1.21239
1.9366
1.9698
1.29916
0.982416
1.04169
0.541808
0.890945
1.72828
1.55876
0.944191
0.646076
1.01276
0.551259
0.422788
0.183491
0.1057
0.564056
0.633151
1.07599
0.797921
1.00526
0.481138
0.171926
0.796
1.0023
0.197539
-0.393647
-0.7094
0.10346
0.365298
-0.11578
-0.10314
1.02402
-1.40071
1.91973
-1.64555
-3.49244
2.49943
-2.03105
-2.32454
-2.76332
2.52299
-5.57749
-0.707703
-0.566017
1.82347
1.43762
-1.66195
1.79088
2.0997
-1.58044
3.01879
-4.3797
-0.179287
-3.09017
-4.92635
-5.44224
-0.528583
-1.88238
-1.7036
4.97462
-1.4689
-0.550555
-0.0761183
2.34019
0.1679
-1.55417
-2.78331
-1.16847
0.820889
0.0401515
0.513186
0.210875
1.73348
0.663391
-0.336962
4.75525
1.94507
-2.26605
1.22145
0.0129844
2.28345
-0.0776036
-4.6638
0.956506
1.3204
0.485197
1.22386
0.869263
-0.171839
2.73774
0.0861771
-1.72472
2.25148
0.145858
0.624496
0.0816117
5.22356
1.92352
-3.30129
5.10109
1.34985
3.34374
0.886372
1.77562
2.30385
-2.22913
0.949602
-3.20811
6.05453
-2.87341
1.04781
1.15359
-0.622209
0.970335
0.75136
5.30109
-3.27734
-0.0869989
-3.25115
0.139668
2.94009
0.624706
-2.26704
-1.38591
2.07756
0.0144827
-1.75678
0.079954
-0.0969987
0.224045
-1.71606
-1.96559
-1.98727
-0.18056
-1.72314
2.36265
2.30471
-0.179151
-1.40091
-2.79636
2.76432
-2.65788
2.77596
-0.562397
5.37638
4.69949
1.86029
-8.48932
0.241487
0.360064
-0.759316
-4.08492
-0.742234
3.74945
2.16871
2.47289
-0.0873129
1.80798
0.821542
-0.976503
-0.979247
-0.21113
1.24703
-5.93159
-1.19092
3.96101
1.07387
-1.3069
-4.78868
2.83388
0.447715
1.8559
5.77756
-0.50763
-2.45232
1.34541
-3.95815
0.904078
3.83678
-3.22625
1.05716
2.31879
0.167271
0.44992
-2.8465
1.94637
4.15321
0.923523
2.06565
-1.72862
-2.9644
-1.1067
1.6145
1.6145
-0.13774
-0.13774
-1.69271
-1.69271
2.11485
2.11485
0.304391
0.304391
-4.08704
-4.08704
-2.23253
-2.19971
-2.23253
6.65595
6.34475
6.65595
-0.22571
-0.0597023
-0.421105
-0.22571
2.07775
2.49913
1.92623
2.07775
-2.98382
-2.13091
-1.95052
-2.11485
-2.34728
-1.64395
-1.60919
-1.79319
-1.37782
-0.808378
-1.1484
-1.04021
-0.943314
-0.807854
-0.978502
-0.574747
-0.311182
-0.552628
0.0544062
-0.464913
-0.349684
-0.463626
-0.346783
-1.00663
-0.179781
0.228686
-0.431182
-0.232987
-0.153284
-0.595329
-0.376697
-0.32527
0.285454
-0.299414
0.0612451
0.168265
0.0697395
-0.00431229
0.863196
0.958426
0.633769
0.0908331
0.213299
0.261473
0.751477
0.929418
0.971528
0.559969
1.50995
1.38716
1.02046
1.78243
1.423
1.22241
1.10058
1.03961
0.272409
0.0767351
0.0850519
-0.133888
-0.797056
-0.914285
-0.726671
-0.507315
-0.434164
-0.0984734
0.140212
0.195063
1.17332
1.55568
1.40969
0.616044
0.8176
1.2488
1.0206
1.27469
1.31978
0.85879
0.690931
1.1704
1.42861
1.09659
0.888132
0.0633891
-0.540188
-0.509113
-0.332138
-0.767866
-0.39664
-0.861142
-0.398197
-0.143851
-0.745299
-0.0718712
0.752248
0.721432
0.750842
0.512448
0.00787747
-0.215444
0.402235
0.738877
0.436787
-0.189423
-0.209761
-0.0946713
0.186738
0.795524
0.0172257
0.0851027
-0.247883
-0.397242
-0.58724
-0.289119
-0.0686275
-0.0123238
0.41398
0.808524
0.0124995
-0.217936
-0.153533
-0.461138
-1.16815
-0.929702
-0.648663
-0.583867
-0.408432
-0.640207
-0.032814
0.0178761
0.039299
0.174784
0.297539
0.657963
0.662733
-0.0952087
0.0121321
-0.332427
0.326639
0.213971
0.61362
0.747178
0.711676
0.572769
0.317562
0.638339
0.946462
1.01745
0.846713
0.612633
1.13347
1.10591
1.0761
1.37808
0.69287
0.564768
0.98313
0.856682
0.841328
1.42062
0.40059
0.186033
0.131046
0.234539
-0.142296
0.295376
0.338029
0.121682
0.694757
0.962458
0.849167
1.33782
0.57308
0.546184
0.0935022
-0.360074
0.35733
0.753724
0.706097
0.533386
0.496615
0.99079
0.678066
0.198355
-0.4601
-0.359398
0.153697
0.309328
0.359117
0.502479
0.664928
0.207364
0.296318
0.289736
-0.506842
-0.725915
-0.216836
0.0926693
-0.0816373
0.146259
-0.137211
0.475709
0.486297
0.0619582
0.55813
0.199455
0.411148
0.324003
-0.256384
-0.354151
-1.26311
-1.40113
-0.939417
0.0304953
-0.491006
-0.885995
-0.764462
-0.400078
0.00557313
-0.43073
-0.1926
0.0644481
-0.239798
-0.318035
0.0639358
-0.0321314
-0.499327
-0.418831
-0.314194
0.0832736
0.56047
0.706692
0.667971
0.378329
0.339808
0.318444
-0.343157
-0.134656
0.25124
0.369163
0.103975
0.346082
0.797682
0.5276
0.285033
0.125958
0.745318
-0.160661
-0.814942
-0.311294
0.0726697
-0.254713
-0.634496
-0.507565
-1.37482
-1.21385
-1.0385
-1.43156
-1.67149
-1.77481
-1.20238
-1.0822
-0.909339
-0.836038
-0.644635
-0.0380989
-0.646005
-0.941291
-0.601717
-0.424633
-0.295364
-0.306708
0.329135
0.596573
0.197459
0.242114
-0.181639
-0.16137
-0.0127697
-0.526733
0.184737
-0.0249554
0.242822
0.64835
0.353236
0.292678
0.562346
0.71692
0.672231
0.361445
0.961941
1.15244
0.985398
0.464432
0.353272
0.443705
0.864938
0.0980695
0.199875
-0.0705633
0.229558
0.450524
-0.350976
0.0340328
0.148861
0.094383
0.277973
-0.340116
-1.08183
-0.936303
-0.848716
-0.219665
0.243657
0.313593
0.335546
0.519065
0.824365
1.60383
1.53539
1.91551
1.83187
1.64512
1.34717
1.36251
1.63107
1.22068
1.04599
0.802208
0.396617
-0.110427
0.359832
-0.159385
-0.106997
0.0572552
-0.393631
0.0560563
-0.518424
-0.112661
-0.529028
-0.11941
-0.948135
-1.29844
-0.915199
-1.25892
-1.08895
-1.45239
-0.959755
-2.01304
-1.75803
-0.475914
-0.756004
-0.16716
-0.199489
0.162668
0.455356
0.122268
-0.338072
0.036787
-0.0534912
-0.293788
-0.240253
-0.664114
-0.466654
-0.135453
0.14725
0.89847
0.0501964
-0.224233
0.287202
1.02585
-0.260136
0.390447
-0.241396
-0.303441
-0.145147
-0.0514684
-0.231266
-0.566088
-0.462274
-0.461531
0.414332
0.670306
0.368041
0.390475
-0.0447529
0.0430563
0.0137244
-0.288128
-0.184204
-0.05658
-0.0150115
-0.156758
0.201399
0.120738
0.170672
0.0449236
0.116585
-0.564275
-0.189121
-0.737613
0.205014
0.614998
0.0540248
0.0386945
-0.687756
-1.03226
-1.06232
-0.805733
-0.967103
-0.439381
-0.000512319
-0.040501
-0.479005
-0.355675
-0.219555
0.0407526
-0.337658
0.634821
-0.0436917
-0.292794
0.704372
0.433189
0.814682
0.674116
-0.233323
-0.118414
-0.448591
-0.0561976
0.00876734
0.476846
1.1684
0.900444
0.25829
0.0704148
0.0280576
-0.177316
-0.000620208
-0.069263
0.00649379
-0.0161353
-0.158071
0.134544
0.367793
0.366104
0.950599
0.520175
0.2729
-0.189941
0.145084
-0.218712
0.0440475
0.380622
-0.242926
-0.266193
0.0775046
-0.666891
-0.618517
-0.292022
-0.360817
0.0868164
-0.112542
0.11206
0.110862
-0.818337
-0.75497
-0.419554
-0.597137
-0.255862
-0.451452
-0.626661
-0.938469
-0.092892
0.555454
0.178111
0.288292
0.231076
-0.375148
-0.255045
-0.39951
0.720162
0.361136
0.0520993
0.164498
0.282369
0.219027
0.910952
1.16543
0.702647
-0.129384
-0.30269
-0.224762
-0.305053
-0.315665
-0.11179
0.150088
0.382855
-0.00608052
0.391047
0.282523
0.527709
0.886002
2.01851
1.55146
1.35821
0.95634
0.182977
0.0118132
-0.572735
0.0563729
0.482672
1.16848
0.682127
0.410349
0.309616
0.0916136
1.1229
0.92463
0.31399
0.0918198
0.631998
-0.214218
-0.692732
-0.382709
-0.929809
-0.960877
-1.01448
-0.74116
0.0268852
0.136173
-1.04085
-0.468142
-0.507608
-0.746439
-1.26963
-0.47626
-0.522896
0.111637
-0.247596
-0.384157
-1.02312
-1.23959
-0.455228
-1.30291
-0.609082
-1.28339
-1.29636
-1.05889
-0.787757
-0.825769
-1.21579
-0.548629
-0.11614
0.184651
-0.665356
-0.863705
-0.539772
0.0218727
0.904506
0.812634
0.618343
0.00905217
-0.132044
0.287179
0.272655
0.527314
0.84256
0.16714
0.172718
0.102289
0.519719
0.53619
0.201858
0.185543
0.535085
0.250263
-0.0834535
0.594979
0.140625
-0.0804948
-0.610913
-0.475216
-0.357825
-0.213092
-0.018061
0.196019
-0.0758215
0.103004
0.235795
0.713545
0.407689
0.686471
0.995692
1.47628
1.34854
0.223113
-0.236157
-0.315659
-0.263454
0.127091
0.21217
0.207186
0.440194
0.727868
0.77824
0.793692
0.560211
0.729109
0.772444
1.14584
0.364961
0.743509
1.02402
0.321766
-0.515256
0.100414
-0.13757
0.124442
0.396291
-0.291367
-0.829559
-1.29038
-0.920634
-0.105394
0.851622
0.119306
0.78106
-0.311753
-0.15623
0.216574
0.175061
0.172982
0.00961571
0.054189
0.10685
0.264875
0.165808
0.168539
0.230605
-0.180178
-0.789211
-0.697679
-0.584501
-1.14077
-0.303184
-0.342063
0.276346
0.500879
0.429313
0.947004
0.840594
0.802224
-0.516254
-0.668243
-0.893475
-1.73262
-1.87413
-1.94919
-1.84614
-1.23559
-0.800843
-0.339094
0.285306
-0.210393
-0.0859017
0.238232
0.388608
0.147433
-0.202494
0.0911434
0.966132
0.81801
0.767976
0.611319
0.741189
0.545498
-0.281464
-0.902897
-0.395148
-0.13426
-0.0109967
-0.425421
-0.136076
0.0370485
0.0560855
0.41484
0.185391
0.143252
0.0767608
0.871501
1.01652
0.500389
0.845505
1.47249
1.86532
1.77184
1.6785
0.970763
0.420496
0.348182
0.249842
-0.912485
-0.120442
0.188738
0.0551273
-0.0109156
-0.0946076
0.0143995
0.0778792
0.374969
0.540339
0.171511
-0.323989
-0.233588
0.0298077
0.206493
0.364162
-0.0469752
-0.296763
-0.588425
0.0288864
-0.856525
-1.22455
-1.63721
-1.66463
-1.74801
-1.78138
-0.819462
-0.884769
-0.381069
-0.540667
-0.71413
-0.262081
-0.202113
-0.386074
-0.454344
-0.737405
-0.949551
-1.29492
-1.39149
-0.894809
-1.66342
-0.842002
-0.573359
-0.656896
-0.703763
-1.01023
-0.874973
-1.15074
-0.621833
-0.0613638
-0.0172044
-0.0460307
-0.0181559
0.141525
0.0944664
0.349339
0.161128
0.304937
-0.194941
-0.441514
-0.673266
-0.765562
-1.05647
-0.964317
-1.48851
-0.816372
-0.271777
-0.0619405
0.193845
-0.259654
-0.448346
-0.351385
-0.548127
-0.750169
-1.12535
-1.14692
-1.26288
-0.664971
0.411557
-0.709325
-0.32009
0.381862
-0.210046
0.166946
0.568341
0.873738
0.375388
0.488837
1.3177
1.43103
0.655283
-0.317458
-0.274113
-0.842936
-0.910377
-0.907401
-0.634279
-0.64889
-0.596294
-1.16924
-0.846891
-0.877903
-0.717786
-0.820719
-0.932016
-0.405539
-0.89595
-0.749436
-0.715859
-1.71447
-1.94782
-2.24168
-2.98382
-4.3167
-0.259279
-4.9518
-0.695175
2.81956
0.8326
-3.18582
-0.515999
0.438032
-0.712267
-0.595681
-0.345277
-1.85578
-1.47691
-0.915518
1.8021
0.533536
2.92965
-0.613687
-1.10674
4.52088
-4.10409
-1.67186
3.05068
-1.04257
-1.55078
-3.66433
-1.1114
1.16379
-3.44807
1.05856
-5.3683
-0.175136
0.733047
0.141376
0.33626
2.20769
-2.38527
-3.57983
0.455167
0.891115
-1.87767
-2.58057
1.88183
2.43901
2.23351
3.69377
2.65239
0.531566
-2.23629
2.78739
-1.03631
-0.804299
-0.857127
2.94647
0.000154153
0.160126
1.64866
-1.69488
0.488014
0.409211
-0.111664
0.696318
-3.43074
-0.850742
1.46942
-0.559919
0.940634
2.17232
3.05387
-1.5731
0.687087
3.95008
-3.14784
-4.93568
-3.72256
0.223482
1.41025
4.11181
3.18121
-0.651665
-1.05545
-0.126377
1.19173
-3.64781
2.12166
1.23659
4.70059
2.78398
0.629973
-6.58087
0.785069
-0.212033
-0.932052
0.0403223
-0.380055
0.796393
-3.93279
1.03915
-0.0832713
1.1177
3.18056
3.82403
-0.417871
1.92334
-1.75246
-1.38737
0.740832
2.79883
-1.01724
1.63113
-1.07042
0.173243
1.14283
-1.61674
0.123718
-2.11991
-0.849337
0.859375
0.351308
0.61009
-0.740314
-1.15207
4.11443
-0.459311
-0.73613
-3.27513
-0.880388
-3.60109
-0.425358
1.51833
-0.833434
-1.19975
-0.255226
1.38047
0.10604
-1.89619
2.22659
-1.25046
5.05573
1.38637
3.025
3.04201
-2.12046
2.66635
0.881457
1.66671
-3.61274
-4.86647
2.673
-1.54187
-2.41877
-5.15084
3.77694
0.495754
4.26268
-2.17264
0.364611
0.833755
0.412082
0.358193
0.58555
0.58555
0.754943
0.754943
-2.12706
-2.12706
0.475819
0.475819
2.89618
2.89618
0.245814
0.245814
2.25259
2.00463
2.25259
-3.86752
-3.8919
-3.86752
-3.31679
-2.73629
-3.32612
-3.31679
-0.109728
-0.533001
-0.085893
-0.109728
-0.121318
0.36523
-0.45675
0.10384
0.246544
1.09879
0.254112
0.421737
0.397697
0.513957
0.663375
1.14403
1.50638
0.230829
0.379651
0.396642
-0.392436
-0.0159673
-0.411327
0.0222985
0.19538
0.485272
0.667656
0.830797
1.16478
0.931769
0.126521
0.421953
0.849973
1.30049
0.77596
-0.0435347
-0.136976
0.0143763
-0.113668
-0.36497
-0.4815
0.0182161
0.670081
0.395188
0.946616
1.15438
1.11543
1.2904
1.78748
0.968425
0.152533
0.630848
-0.0419918
0.119064
0.671883
0.524262
0.298941
0.771721
0.791467
0.280328
0.245637
0.534439
0.728217
0.833649
0.466932
-0.0558062
-0.643848
-0.867107
-1.02808
-1.12534
0.29035
0.758358
0.354764
0.560603
-0.250208
-0.117411
-0.0665895
-0.714219
-0.865533
-0.462994
-0.252183
-0.807912
-0.455745
-0.607273
0.27933
0.197935
-0.041439
-0.651404
-0.281094
-0.194432
0.046138
-0.00666465
0.673437
-0.268828
-0.301565
-0.245639
-0.689568
-0.482759
-0.715046
-0.477304
0.440181
-0.29024
0.0457144
0.121262
0.395214
0.691851
1.02446
0.957507
0.880912
0.928411
0.091474
-0.503493
-0.793142
-1.37261
-1.7804
-1.90146
-1.19495
-0.458393
-0.401546
-1.21811
-1.17769
-1.28201
-0.492679
-0.521511
-0.0300882
-0.319752
0.084252
1.38923
1.22528
0.644909
0.20997
0.871216
0.737231
0.21889
0.49725
1.33072
1.3549
0.634469
0.581888
0.718541
0.732541
1.2064
0.748898
0.569881
-0.611142
-0.0204066
-0.0167968
0.400874
0.771038
0.503337
0.342002
0.12583
-0.0737494
0.315246
0.381533
0.27216
-0.013719
-0.328923
-0.0460209
-0.181425
0.0700416
0.606848
0.0319971
0.031751
0.381021
1.14158
1.07102
0.697529
0.47154
0.661451
0.198638
-0.116723
-0.0548993
0.113638
0.06748
0.438094
0.905511
1.30679
1.2601
0.571853
0.508494
0.0823665
-0.325937
0.00921121
0.193271
-0.668604
-0.993041
-1.2075
-0.749395
-0.841887
-0.555874
-0.757366
-0.696287
-0.828032
-1.03324
-0.602006
-0.685663
-0.816564
-0.728956
-0.720582
-0.658497
0.223714
0.0527427
-0.492766
-0.0987846
-0.368414
-0.012161
0.535991
0.318527
0.274801
0.46119
0.636592
0.730346
0.894781
0.895293
1.2494
1.46513
1.23047
1.23961
1.30345
1.41166
0.71668
1.01832
1.29654
0.751509
0.787184
1.14856
1.3257
1.73076
1.49388
1.25863
1.42174
1.07367
0.496347
1.19219
0.73243
0.197931
-0.312157
-0.422709
-0.449844
-0.678388
-0.229573
-0.211892
0.246111
0.413141
0.0542777
-0.220854
-0.211254
-0.270704
-1.0163
-1.03371
-1.40508
-1.58039
-1.55337
-0.921657
-1.48238
-0.861134
-0.631829
-0.496766
-0.427007
0.0135902
0.110342
-0.194136
0.306988
0.678955
0.685805
-3.15163e-05
-0.350868
-0.455522
-0.304968
0.263717
-0.107002
-0.0567142
0.471764
0.687248
0.485871
0.371697
0.581677
0.473348
0.138011
0.194643
0.355543
0.903647
0.195566
0.416676
-0.0514252
0.129892
0.418949
0.34413
0.668887
0.107454
-0.117196
-0.0136563
-0.183862
-0.834786
-0.869882
-1.22081
-0.450575
-0.265365
-0.1071
-0.539717
-0.150772
-1.05926
-1.20895
-1.44115
-1.01627
-0.823201
-0.219413
-0.0575579
0.69037
1.02284
-0.026664
-0.10473
0.479693
0.374214
0.684847
0.339761
0.428895
0.356092
0.15277
0.130598
-0.187348
-0.215487
-0.651304
-0.684123
-0.573044
-0.706673
0.0153428
-0.616135
-0.911431
-0.869426
-0.422754
-0.881881
-0.619112
-0.103288
-0.125123
-0.669617
-0.762539
-0.67095
-0.820884
-0.136896
-0.181872
0.0604123
0.246308
0.937301
1.25521
0.834475
0.796187
1.07357
1.24457
1.49088
1.58512
1.77333
1.51225
1.09177
1.07587
0.863271
0.753038
1.23344
0.704467
0.197353
0.559314
0.727416
1.23714
0.988797
1.08195
1.07158
0.695399
0.126992
0.334128
-0.357888
0.130402
-0.238139
0.106834
0.168287
-0.45867
-0.308498
-0.169373
-0.318701
-0.605732
-0.283584
-0.764057
0.0327153
0.285575
0.786349
0.974535
0.730103
0.843246
1.16257
1.08917
-0.123153
0.0485043
-0.228687
-0.424902
-0.277002
-0.356201
-0.0899599
0.292075
0.0709862
0.601166
0.36457
0.706029
0.149582
-0.414297
0.00240572
-0.618151
-0.844502
-0.612749
-0.732821
-1.40418
-1.17145
-0.410794
-0.282978
-0.454638
-0.453498
-0.152582
0.485203
0.590601
0.740969
0.815998
0.776766
0.220837
0.936021
0.40628
-0.163502
-0.305179
-0.110825
0.822077
0.441654
1.11854
0.498713
0.0626377
-0.326824
-0.699719
-0.26344
-0.284077
0.201708
0.967896
0.660929
0.42118
0.397189
-0.0553219
0.490228
0.544166
0.476157
0.110773
0.249091
0.362124
1.12917
1.32378
0.551953
0.655511
0.483669
0.296571
0.419873
0.621885
0.352715
0.386396
-0.0451253
0.536976
0.250028
-0.0940028
0.832705
1.51172
0.436083
0.466551
0.196254
0.715056
0.882329
1.33684
1.56214
1.32106
1.34447
1.61988
1.35384
0.135395
-0.170707
-0.4835
-0.3547
-0.507183
-0.598335
-1.44383
-0.928998
-0.784498
-0.792785
-1.21893
-0.407721
-1.06234
-1.06609
-1.14182
-0.892911
-1.13858
-0.454698
-0.443221
0.175602
0.203444
-0.251478
0.587867
0.046519
-0.314645
-0.381257
-0.417819
-0.0481161
0.230052
-0.250238
-0.519162
-0.14347
-0.318342
-0.582031
-0.132626
-0.347129
0.358352
-0.470694
-0.0904703
-0.605978
-0.491226
-0.355019
0.0110584
0.582312
0.181108
-0.473928
0.199018
0.201642
-0.13995
0.224508
0.112137
0.750571
0.735919
0.238983
-0.382567
-0.598413
-1.09884
-1.45075
-1.47222
-1.09953
-1.1691
-1.02636
-0.765335
-0.586375
-0.246492
-0.507733
-0.176203
-0.251847
-0.412913
-0.488379
0.000240932
-0.173623
-0.428475
-0.453447
-0.335981
-0.420954
-1.23594
-1.21075
-0.607357
-0.0169765
0.358656
-0.476571
0.402761
0.602275
-0.00760703
-0.660152
-0.369622
-0.574077
-0.474142
-0.80116
-0.520846
-0.39066
-0.350471
-0.655554
-0.745949
-0.3836
-0.490744
-0.492983
-0.345855
-0.367658
-0.429299
0.412999
0.860798
0.570405
0.182438
-0.10222
-0.291709
-0.181877
-0.2657
-0.410871
-0.466555
-0.112544
-0.481263
-0.27987
0.459996
0.572602
0.581709
0.305922
0.449279
0.10235
-0.273464
-0.302624
-0.113121
-0.225477
-0.317328
0.192143
0.385238
0.402
0.682039
1.47089
1.25902
1.20683
0.934701
0.811189
1.27013
1.29479
0.00871474
0.232046
0.365013
0.281393
0.25166
0.185481
0.291227
0.591931
0.140464
-0.00786057
0.362441
1.10108
0.851355
0.116288
-0.330629
0.206661
0.259801
0.118187
0.365621
0.938717
1.4095
0.759728
0.341552
-0.0987522
0.119164
-0.146028
-0.547942
-0.455531
0.0386778
0.0921381
0.23729
-0.473362
-0.782718
-0.126297
0.225514
0.165922
0.0354043
-0.255485
-0.215964
-0.125349
-0.173405
-0.592479
-1.35728
-1.73849
-1.304
-0.61472
-0.113416
0.073306
-0.556983
-0.0286465
-0.570268
-0.710893
-0.451181
-0.816966
-0.821069
-1.94946
-1.00886
-1.37258
-0.855555
-1.50547
-1.12425
-1.31202
-0.821492
-0.656282
-0.620445
-0.185155
-0.755075
-0.453566
-0.0669536
0.0214511
-0.454342
-0.575371
-0.162854
0.433704
0.32956
0.659883
0.741539
0.451684
0.413014
0.222153
-0.296794
0.0354136
-0.867092
-0.689734
-0.473801
-0.474254
-0.606681
0.241068
-0.617453
0.210811
-0.00286532
0.22149
-0.184891
-0.100303
0.434017
0.538283
0.416992
0.747287
0.567493
0.169609
-0.414369
-0.334775
-0.237367
0.618315
0.683349
0.712871
0.748419
1.14854
0.893789
0.900049
1.11086
0.837158
1.09332
0.503866
0.0961348
-0.188492
-0.0741591
0.0712341
0.153941
-0.3308
-0.377183
-0.273449
-0.959024
-0.539223
-0.844544
-1.12341
-1.14603
-0.955228
-1.31792
-0.681529
-0.838341
-0.551829
-0.393486
-0.598647
-0.617702
-0.0995524
0.0942211
-0.28676
0.172659
0.150476
-0.0965348
0.649542
0.943494
0.791604
1.08018
1.20003
1.28884
0.737958
0.79688
1.46444
0.943929
0.854162
0.323065
0.342101
0.289004
0.19051
-0.061751
-0.430779
0.0906052
-0.0166349
0.31972
0.49652
0.509
0.957879
0.830283
0.565532
0.634031
0.223701
0.202246
0.421561
0.0407428
-0.195414
0.137112
-0.524191
-0.564693
-0.518128
-0.00343897
0.939578
0.440058
0.159925
1.00862
0.218931
0.0874394
0.428861
1.05109
1.1406
0.874361
0.400951
0.673053
0.897944
0.759592
0.293545
0.448317
0.746325
1.09549
0.500591
0.809534
0.0464208
-0.411245
-0.98782
-0.664215
-1.16492
-1.0295
-0.8231
-0.40752
-0.121318
