-0.489574
-0.517684
5.41684
-1.25365
1.62981
-3.67499
1.97528
1.98945
6.93616
-0.401734
2.67576
-0.455457
-4.71972
-1.00467
3.38399
2.32549
-1.38306
1.17297
-2.35681
-1.34405
-2.72528
2.59373
-1.071
6.11399
-0.22077
-3.02435
4.56862
0.631386
-0.457989
-2.42153
0.261796
0.994416
-0.348255
3.47695
-0.342038
-1.3686
2.06067
3.6544
1.65939
-2.26429
-1.86592
-2.76536
3.73123
-2.75475
2.54464
-1.89054
0.103068
1.57913
0.233207
-2.14784
-2.39392
3.61639
4.32467
3.28283
-2.59794
4.51677
-1.87307
2.67952
1.93298
5.01614
-3.5025
-0.0953405
3.40002
0.79336
-2.77273
2.24285
1.09089
2.78697
1.40778
5.43907
0.0814812
-2.96655
-0.52535
2.79449
1.23451
8.9058
-1.543
-1.69184
-2.4031
1.67916
1.69754
2.06177
4.08613
-0.522477
-0.917382
1.17467
-1.60314
-1.00789
-3.84141
1.58253
1.98462
2.42185
2.80566
1.92026
-0.600165
-4.393
-3.38244
2.28766
-2.572
-2.94816
4.16498
-2.14627
0.218747
-1.95402
4.94307
-0.111921
-0.456155
3.84265
4.58727
-3.89383
-2.66746
-4.72751
0.198905
3.44223
3.61831
-2.717
0.44543
-3.52684
-1.38462
1.46011
-0.788075
-1.0984
1.15994
3.38674
-1.78043
0.561355
-2.5728
-1.57477
1.01785
2.68071
-0.448596
4.87286
0.255252
-2.34736
0.362572
6.0817
-0.603902
0.679407
10.768
0.553202
-5.64604
0.133231
-2.47475
-0.773467
-6.58565
2.60819
1.57761
-0.202772
1.65665
0.285023
1.38176
-2.95791
3.03146
-5.68138
0.92611
0.813139
-0.419091
-0.195523
2.07293
2.06107
1.2373
2.60007
0.515526
-0.358847
-5.9205
5.15271
-6.22385
-3.21442
3.30905
0.962806
2.22937
4.39566
-0.516776
1.68642
-1.95519
-0.619815
-1.93859
-3.36681
0.998824
-2.60578
-1.70033
4.89344
-1.41393
2.65104
-1.43258
-1.5076
-5.15264
2.207
2.19001
2.1892
-1.63887
0.857652
-2.86916
-5.84964
-7.35144
-0.68706
2.10517
-5.56911
0.965823
3.40471
-1.40841
-4.28486
-0.271847
1.89456
1.63114
3.06286
2.16754
0.0305128
2.86546
5.61024
-3.82117
0.959639
4.4665
-1.95558
-2.79446
-0.604336
-1.3857
2.33125
3.03975
-2.30036
3.68297
0.790939
-0.94611
2.8758
0.377681
0.819046
0.336084
-3.01613
0.179598
1.21529
3.90823
3.65397
2.47838
-0.670203
-2.38893
-0.921869
2.03087
7.37656
2.15967
0.15451
3.57793
0.248668
0.449451
2.9044
-1.35038
0.591658
-0.515488
-0.962876
-3.9297
-2.84094
5.40839
2.19264
-2.48916
-3.56402
1.84282
-0.889462
-2.31625
-2.29698
1.06517
3.58008
-1.19278
1.28633
2.65401
4.94239
-4.0439
2.75656
2.30567
-4.55006
-3.51492
-3.59521
-0.262557
1.17767
-3.76442
0.242376
2.77739
0.276868
-0.124553
2.2639
-0.453764
-1.11519
0.641657
1.55603
1.11514
-0.26845
1.02366
0.164233
-1.9338
-0.138988
0.593105
1.00493
4.2813
2.04049
4.46827
-0.071507
-0.493918
1.71453
1.34603
5.99321
-0.755826
4.2755
-4.04208
1.95255
0.52462
-1.93598
0.324112
-4.79894
-2.47856
0.831365
-2.25966
0.182239
3.06172
0.665625
-0.395008
0.738451
2.79559
0.101212
1.3145
-3.21724
0.38248
-5.63429
0.940241
0.710801
2.90863
-3.85884
-3.22627
0.657626
4.31667
-4.5997
1.35583
1.87337
0.348257
2.78932
1.57459
0.715406
-1.90271
-3.85455
-2.71168
-3.81257
1.66853
1.18264
-0.899289
-3.49518
2.51608
0.660442
0.297281
2.67106
1.92821
-1.08567
-5.69606
2.42018
0.0880549
-0.330146
-3.0023
-0.172212
3.61831
1.24836
-0.479439
-2.15002
-0.0935193
4.55159
3.32172
2.38461
-1.39602
0.30932
1.14139
0.883601
1.94021
0.894061
-4.19479
-0.606908
0.843114
2.95112
4.86526
0.00186377
-0.847719
-1.92245
-3.35457
-3.25494
2.30383
-6.28345
-3.76561
1.69478
7.11891
-0.462776
-1.8513
-0.617799
-3.45373
1.90749
-1.96054
-8.12822
-0.781789
-1.39747
-0.613683
-1.33564
0.588886
0.381976
-1.06748
0.53068
-4.87477
5.97717
-0.0409155
-1.60473
2.60403
-3.29439
1.62936
-4.1633
-1.06035
-5.80222
2.29858
5.74866
-1.04227
1.06812
-0.15851
1.9037
-1.90718
2.22112
2.54597
2.18307
1.58405
-1.35679
-6.71743
-1.87413
-1.89932
4.66626
-0.0366333
-1.40907
-1.79979
-0.0898284
-1.85853
0.170393
1.08364
-2.36107
2.19011
-0.747414
-4.4335
3.8814
-2.02864
-1.19613
-3.2736
-5.40624
-4.55517
0.66079
-8.51475
-2.44464
-0.982503
-1.34069
4.13539
-5.79834
0.585162
3.30123
-6.03344
3.42706
-0.347177
2.92081
3.03567
-0.289066
-1.75222
-1.38787
-2.56034
0.184412
1.15568
1.2198
-1.30426
4.88472
-3.09474
2.53289
1.99922
1.15656
1.29678
3.28595
-5.75384
1.75176
-4.367
4.79076
5.04955
2.54542
-0.975434
1.31078
0.684352
-0.380737
4.661
2.02923
0.482151
-1.81453
-3.36631
2.03868
4.15956
2.27999
-2.38816
0.199567
1.77843
-4.96881
0.730969
1.09697
-1.13977
5.97521
3.22032
1.8077
-2.76571
-8.25388
-0.734464
0.678743
1.72417
0.234028
1.44161
-2.5526
-3.86663
-2.84572
-1.58015
-2.00591
-1.63001
-2.55525
1.80624
0.857247
-3.20709
2.36686
-0.236006
-0.158095
1.27855
-2.30358
-0.733723
2.93133
-3.08996
-1.92195
-1.66221
7.07197
4.7728
3.21644
1.39011
-3.7257
-4.4082
1.09664
-4.50105
0.973691
4.43922
2.78172
1.67723
-5.58448
6.62757
0.38725
4.44015
1.40884
2.25612
1.30878
2.09973
-4.70202
4.46739
-0.748759
-2.00914
4.84107
2.80311
5.40136
3.73861
4.2443
3.89381
0.119143
1.75443
-4.41983
-2.09574
-1.96643
0.646114
-2.0747
-4.4441
5.73779
-4.56258
1.51717
-6.06046
-3.60924
0.798956
2.09364
2.72122
0.716532
-4.27373
-4.85167
3.84192
-1.33291
-0.872941
2.55693
-2.64722
0.176892
6.82459
0.461287
4.48257
-7.96336
3.0637
-0.517945
2.77554
-1.74785
-1.06215
-3.4348
6.13014
-0.735567
-2.06417
-0.188855
4.17795
0.297788
2.03987
-3.29282
-1.68718
-0.56311
1.80247
-0.446372
5.63672
2.25114
4.03405
1.74532
2.19326
3.26754
2.13205
3.18877
1.27018
4.76868
2.89105
5.80645
-3.50396
-2.29126
3.10041
-1.96027
-5.87181
-3.17736
-5.37773
0.151711
0.733106
3.15968
-2.5924
3.79358
3.829
-0.192863
-1.84382
4.5262
-2.90073
0.00830701
-1.51603
-5.05599
4.05613
-3.34009
-2.52485
0.0654099
5.4494
-0.612551
2.79652
0.0365166
-2.17441
-1.11487
4.3885
-0.910401
0.760421
-4.1909
-2.00655
1.54665
3.60446
3.11603
2.69327
-1.08144
0.341757
-2.80353
4.7407
1.37252
1.70064
-2.54851
-4.40723
-1.33026
-3.93008
4.08276
1.81393
-7.49909
-1.75615
1.49018
4.01262
-3.16597
-4.58211
-1.70794
4.05147
-0.600519
1.42868
0.803069
-2.66057
1.02734
5.59313
-2.79386
-0.505346
-0.971788
-2.81163
0.22634
1.16884
-3.93001
-0.734646
-1.15596
4.24075
6.72161
0.809223
2.19375
0.311038
0.203841
-2.53989
-1.35285
-0.176592
4.36145
-1.98747
3.52825
0.440931
-3.21266
-0.780823
-3.24076
-1.48431
-1.76262
2.17905
0.348489
-2.18457
0.285954
-0.529605
-2.6862
-4.49923
0.781898
0.554045
-2.26048
-1.52746
-1.28437
0.260614
-1.46929
2.75284
2.01369
1.26254
-3.05144
-0.226295
1.67829
0.426834
5.64879
-2.10271
0.420837
-0.961779
0.843498
0.83424
-1.96171
0.994908
3.33948
2.60767
1.30076
4.47769
1.66189
0.157198
2.612
2.72565
-4.29115
0.669459
4.72436
-2.07234
-1.79992
3.0416
-4.93323
2.43039
-2.10198
-0.522984
-4.63475
2.88081
3.15788
0.966854
-9.43749
1.98187
-2.89324
-0.614225
1.21651
-3.48694
4.18988
1.48722
-0.857092
-6.62125
-0.637962
-6.02079
1.65394
3.81379
2.9991
-4.08788
6.00477
1.21749
1.24341
3.01409
-1.97436
0.706542
0.261295
-2.97828
-0.12516
-2.07154
-2.04299
1.29847
0.0673518
3.04204
2.33237
1.42381
0.601022
0.0658893
-2.80947
2.46311
3.99863
1.26374
1.89165
2.19572
-0.411555
-2.43114
-4.48159
5.1769
-2.31784
0.199684
2.84072
3.04485
-4.87386
-1.31799
-0.617488
1.21563
-0.843498
0.929066
-0.501352
4.30858
2.97679
3.43082
3.92598
-0.12721
1.86607
-2.56028
1.74468
1.16296
4.29709
1.7691
-1.16252
5.3301
-3.76253
2.92017
0.500699
1.98623
0.171852
-1.53423
0.403889
-0.407576
-2.4116
2.40645
1.35918
-0.0077971
0.873271
-0.957013
6.02126
3.38275
1.38316
-0.645436
5.54682
-1.06037
-2.58943
5.48217
-1.27036
-4.79419
-7.90495
-0.664893
-1.80933
0.445767
-4.9149
1.9812
-0.347761
1.26434
-2.166
1.43143
3.68717
0.335871
2.72521
0.651281
-1.19847
-3.1462
1.14378
0.880842
-5.09863
1.1756
0.629578
2.55871
0.440801
0.799626
1.11614
0.608167
-3.37747
-3.37752
-1.79341
1.16328
-1.13351
3.66197
-3.33405
1.00329
-3.2468
2.43843
2.17709
-0.429722
-6.67178
-0.104263
-1.89754
3.16568
2.84696
0.250642
-0.0322295
-3.01583
3.71339
0.638436
1.33841
-0.0939816
-3.0607
3.13622
-3.02611
0.800814
1.30451
-1.25955
-0.0502743
1.3471
4.6546
-0.00120005
3.1964
5.09165
-0.384661
-2.48462
3.58116
-2.09959
-3.87314
5.25313
-5.54114
-1.52731
1.87366
-4.69538
0.953585
-1.04533
-1.04638
-4.81209
-5.29163
10.9721
7.73762
-1.00871
-5.2671
-3.71075
0.976665
-2.31264
-1.95914
-0.80685
0.750232
-6.10207
-0.550411
-0.42227
1.65656
0.0217453
0.901587
1.34634
1.19323
0.0513198
4.4258
-1.48942
2.99974
-6.10486
0.276441
-2.36325
-2.32241
-4.58364
2.19292
1.24667
3.20334
2.46282
3.33141
0.958329
3.79253
-0.70665
3.95478
-1.81751
1.74288
1.26219
-5.07322
-4.26069
1.96224
0.922195
1.40673
-1.09703
-2.85803
1.83886
-0.107576
-2.85867
-0.836136
-0.718103
-4.96868
-4.96868
0.701603
0.701603
1.63286
1.63286
3.22205
3.22205
3.06333
3.06333
-1.7232
-1.7232
-0.676436
-0.676436
-2.74023
-2.74023
6.01965
6.01965
-0.379668
-0.379668
2.44916
2.42368
2.44916
1.15166
6.39909
-0.22504
3.61647
6.41277
1.17227
3.16152
3.57234
1.46738
0.255133
-0.477341
1.38868
1.58915
4.81305
6.94084
3.05631
4.11093
0.373469
1.16274
7.6954
2.66714
-0.350462
-1.04833
-0.927062
4.20592
1.16228
-6.35165
0.597695
1.80456
1.82258
-0.889698
-0.127001
-2.02263
-0.218579
0.277916
4.5
-0.320472
1.16677
0.207642
0.111343
-4.276
-2.33008
2.10475
4.25567
-0.823989
-0.899549
2.70979
-1.06005
-3.13455
-4.98744
-5.61155
-2.39948
0.105149
-1.32796
2.02701
-2.24596
-0.375163
0.812766
5.47016
-2.62782
0.771284
-2.95816
5.27736
-4.43529
-2.3493
-0.160672
-4.00206
-3.46647
-0.933504
2.67862
-0.493767
5.31308
-3.38475
-6.06061
2.64704
-2.54483
0.476059
-1.26008
-6.88635
3.85723
2.67698
-0.846093
-4.87926
1.71525
-0.743022
5.50909
4.93236
-2.19618
4.25426
-1.98198
5.00183
1.15094
0.337504
-0.257028
-2.62599
3.02906
-2.61548
-1.21128
-1.8764
-1.06639
1.01603
0.601422
5.6576
1.01164
1.1426
3.28246
-1.75588
-1.41086
-5.38761
0.539799
0.29373
1.97245
-1.55208
-2.6843
-1.05962
2.6274
5.15263
-0.881909
1.98137
-1.51921
-3.08414
-2.53293
-0.523053
2.05061
-2.0325
2.85833
-0.0529677
-1.51992
-1.56525
3.75167
-0.533224
2.05547
4.26371
-4.81669
-0.535505
-4.63021
2.27734
-2.97526
-2.74835
1.05286
1.94789
1.28708
1.32152
4.08356
3.29273
0.624019
3.79056
2.86268
-2.10986
6.83858
0.266967
0.0383563
-0.696318
1.2698
-0.589946
-0.953002
-2.17209
-1.6016
-0.252312
4.75787
-0.899765
-0.157871
-5.05385
-1.60445
-4.59132
-4.78981
6.12994
-0.239557
-4.47837
-2.23078
3.81919
0.800416
2.87459
4.38647
-3.82673
-0.792505
5.59557
-1.48195
-0.837858
-3.2261
-5.13175
-1.95701
4.9661
1.11391
10.0269
-0.517144
-0.513612
0.239168
-5.03848
0.357707
4.32534
-3.81581
-2.08389
1.13454
0.760211
-2.90886
1.01336
1.84931
0.176125
-2.56473
2.38386
3.15609
0.609423
-2.79469
2.96879
-3.78797
-0.0859495
-2.35681
3.34861
-1.34669
0.151454
1.62922
-0.359296
-1.74646
-2.78464
2.26599
-4.14133
5.46829
-2.14493
-0.477018
3.04862
-0.64857
1.50277
3.08922
-2.81541
1.36278
-2.60125
-2.44435
0.379592
-1.84404
-2.37793
-0.0595358
3.47559
1.34759
2.41447
-3.49779
1.7882
-1.09826
-2.06595
-3.02906
-1.20816
-1.04902
0.852679
-0.727311
0.852479
0.561925
0.443078
-2.53618
-2.51809
1.09156
2.0976
4.65236
5.18216
-0.42537
2.23039
6.97566
-0.599346
3.30727
-2.44979
-2.04712
-0.318264
4.14972
-2.46228
2.78503
-3.03217
-2.33281
-1.52124
2.053
0.667334
-0.738726
-2.34298
-2.20086
0.228728
-5.34017
-4.56951
-3.47161
4.07701
0.872813
6.4043
-3.16291
3.97089
-1.73976
-0.851619
0.423795
-4.27646
-1.50385
0.161686
1.89892
7.48965
-3.97615
-0.0135235
-1.63855
3.47557
-4.90451
0.625771
-3.96351
-4.63682
0.77987
-3.04193
3.02623
-0.403989
4.74848
-2.34647
1.41628
3.13349
-1.68596
-5.84182
-0.390046
3.63057
1.05375
0.916533
-2.52972
3.23963
-0.0731646
3.13174
-0.595539
1.26098
-0.0185124
1.034
-1.04882
-2.47032
-1.14585
0.452014
0.568857
4.81866
-0.330418
-0.983667
0.127836
0.782216
-2.49036
-5.4979
1.99652
-1.89867
-2.48412
1.83137
-1.06581
1.53497
-3.57626
2.46152
1.64137
2.39643
-0.0740077
3.63758
-1.2455
-4.46209
1.20785
3.80045
-0.793644
-5.04972
-2.32172
-7.08808
-4.29535
1.85253
-0.67635
-4.5429
0.502539
4.28748
0.594435
0.881878
-1.30199
-1.31221
1.89538
4.92123
-2.5296
3.70683
-1.73057
-5.31891
-0.203159
-5.93611
3.51132
0.582247
6.86369
1.94768
1.91776
0.344178
-3.21536
0.173619
2.79554
-3.22746
-3.85834
-0.430302
-9.06829
-2.70705
2.4088
-3.23772
-1.84721
0.569519
5.74805
3.47868
4.45878
0.763218
-2.78379
5.85364
0.658722
-0.159065
0.6963
2.43648
-0.700563
2.01624
3.304
-5.31596
0.473041
2.65432
0.269714
-2.74152
-1.89916
3.3991
0.536558
0.404759
-0.414996
-0.218666
-0.508038
-1.07039
0.480149
-1.13041
-2.49379
-4.09763
-5.39658
-0.89947
1.50886
-0.627866
1.7219
-3.14332
-2.04423
-4.16993
7.73822
0.900307
5.40605
-5.2068
-0.894326
1.78531
2.92626
3.35427
0.650077
-1.01966
3.22547
-1.09454
7.74294
-1.22107
-3.8227
-1.47496
4.68243
2.83768
-4.8657
3.98824
-5.2359
-6.87333
-1.81481
-1.33601
2.46085
-2.3568
6.55114
-3.67388
0.277332
-3.8622
3.22143
0.149815
-2.13065
-1.44551
0.230901
1.55766
1.11917
2.606
1.03351
-0.903756
0.798881
2.71524
-0.662129
3.79365
3.06856
3.85909
2.17539
-4.51616
6.9303
-7.02871
-0.0166615
0.342235
-0.377241
-2.72643
-0.0982004
-0.693369
0.14208
0.842388
-2.55931
-3.0649
1.55741
-3.28061
1.43023
1.89848
0.725945
-0.453219
2.54245
-3.07694
0.190289
-0.0630552
2.23886
5.76532
1.6835
0.0288814
4.63027
-0.414158
0.488343
-2.00156
1.63338
-2.55016
3.77321
-4.68935
-2.58785
2.5368
2.38371
-1.02157
-3.82381
-6.87787
-1.38522
-0.353704
3.30848
0.14436
2.00988
-3.28505
-1.58349
-5.16442
1.18738
-1.74041
-2.22409
-2.38759
-7.72114
-3.84416
3.05071
6.83926
-6.20088
-1.43009
-0.598422
1.46152
-0.540406
-1.94518
-4.14456
-0.162765
3.53046
-4.76968
1.39173
4.20971
0.634051
-2.94273
2.40372
3.58063
2.35243
-2.13392
0.934888
-1.3499
-1.13369
1.25835
-3.65791
-4.1267
-0.19086
1.17956
2.46299
-1.5931
-2.51205
8.95337
1.99613
0.218262
1.81508
1.52007
-0.227299
1.86375
-0.328365
-0.601964
0.604517
6.14006
0.619454
3.38435
1.53087
-2.81462
-3.2792
-0.193932
-2.34822
2.93264
9.75545
-2.35
-2.8426
1.96109
1.78913
-1.76466
3.54642
3.27211
-1.13923
0.912045
-2.34744
1.6151
0.0410389
1.00772
2.03485
0.30048
2.82888
1.40535
-2.46761
1.37237
-2.91478
0.985733
-1.90609
-1.42448
-0.914497
-0.963673
-2.12462
-0.888943
1.91378
1.20226
0.228496
2.54545
3.41976
3.72462
0.567896
-0.667639
-1.80036
-1.23499
2.40769
1.56384
-0.224873
-1.48995
-1.91712
2.60493
-0.149919
-2.10202
0.960011
-1.24326
-2.38604
2.22411
2.04941
0.603311
-4.02171
1.27088
2.86059
0.608091
-1.37745
0.765027
2.15104
-3.33502
3.35883
3.38131
4.17807
-1.63257
-1.02541
-0.458858
-0.0955521
-4.64548
2.13597
2.98221
-1.5835
3.95453
1.45452
-1.42759
2.70148
3.51383
1.34485
4.55833
2.93889
-0.177991
-1.34433
-4.66582
2.23006
0.495286
-2.54776
4.86402
2.44377
3.48899
1.10344
0.52372
2.70239
-0.943018
-3.96619
-2.50048
-5.94224
0.394223
1.61607
1.90214
-3.06739
-3.66599
6.74484
-3.08177
-3.1931
3.20901
-0.88627
3.95701
-2.06208
6.15282
1.50449
1.30831
0.721302
-1.40105
6.13266
-1.37234
4.54022
1.94241
-7.1898
0.304108
-7.04882
-1.11199
-5.38311
0.30981
-0.524224
-3.08896
-2.60636
2.17213
-2.32227
-2.37481
4.7479
-3.9303
2.22946
-4.59753
-2.25396
4.86763
-4.27258
-4.07207
-1.9868
0.297246
1.76963
-1.11068
-2.11567
-1.07789
2.83683
-5.69116
-3.69977
-2.00581
0.99818
-2.72371
-1.30549
-0.624346
3.86199
-1.859
-0.862978
1.99091
5.09207
-1.25866
-2.63983
-0.98172
1.68415
6.74244
-0.394364
1.88342
1.29331
-0.151922
-2.54309
5.94332
-3.14654
-0.698421
4.73594
-2.79596
-3.16536
0.446827
-2.91988
-0.138272
-0.0501786
-3.32883
0.881961
1.22779
-4.04045
-3.30713
4.33903
-5.94823
1.86719
2.38536
2.2492
-1.50285
-0.18862
-1.14854
-3.53698
0.149119
-1.61374
5.29308
-2.70611
1.35176
-0.327586
0.0331163
1.30872
3.95898
2.76326
-2.89111
0.592345
-3.3756
-5.43202
-3.19178
-3.95937
0.994177
-0.942635
-2.68889
-1.62363
0.141398
2.26362
6.00001
-2.78023
-0.340671
3.27558
1.73467
0.340256
-2.18258
-2.24898
-4.70228
3.10998
-1.47886
-0.675359
2.07547
2.55885
-2.40409
3.63852
-4.45628
0.917162
-1.00325
5.33412
-3.93156
1.14306
2.54141
2.66836
-2.33543
-5.82479
-4.21115
-9.49215
0.831551
-1.63607
-2.93627
-3.10217
1.36114
3.41336
-3.70371
4.21888
4.2982
0.281546
3.82947
-4.53086
-1.41194
-2.91051
-1.92403
-2.60096
-1.92561
-4.50992
1.68247
-3.2008
2.2269
1.7716
0.241019
-2.58605
-1.76826
-4.98492
2.00434
-3.01582
-1.31306
0.184339
0.0398489
-1.10873
3.96706
0.753165
2.31908
-1.4972
-2.37141
7.80591
2.2452
0.177242
1.07364
-0.960886
0.607835
-4.14153
-5.28397
0.764851
-5.19091
0.516001
1.23301
1.78607
2.43735
0.799994
-2.15339
4.5878
-2.63266
-2.60015
2.85274
-0.251139
-0.431342
-0.220507
-2.28026
-2.56044
2.16275
0.218528
1.50078
3.86255
-1.85147
1.47591
-4.94376
1.85209
6.14689
1.44557
2.66435
-2.99734
-1.70302
4.71519
1.37302
1.45719
-2.06975
1.94428
1.29651
-3.25118
-0.831519
8.48504
0.75966
5.53109
1.59028
4.53585
0.889472
0.950183
1.73491
-0.239771
-2.31717
2.43951
-2.97795
3.39679
0.24719
-2.98869
2.17146
3.53158
-2.48349
-1.41607
-2.35366
5.34746
-1.93349
2.8035
2.6646
-3.36486
2.70049
-3.12242
-0.670866
5.51853
-1.02705
2.99376
0.983528
3.12172
-2.86306
6.24453
-2.64894
-3.01084
6.98804
-1.1518
-2.47286
-2.54452
0.521498
0.518675
1.74151
-2.59034
1.71904
3.10963
-1.59376
-1.30516
-0.922738
-0.075021
-1.52979
5.74157
-4.27308
3.29373
-1.6227
1.73722
5.6211
3.29214
-5.53928
-1.69699
-2.39969
-0.853923
-1.30758
-1.02239
0.218063
3.24336
3.09082
-0.757427
-0.0937317
-0.795316
-0.203839
1.36528
-4.37794
3.44601
-1.6016
1.70489
-2.62936
1.53512
1.53512
0.284687
0.284687
-1.02349
-1.02349
-0.401073
-0.401073
4.39394
4.39394
-2.4323
-2.4323
3.12941
3.12941
-0.0757729
-0.0757729
1.67209
1.67209
3.1145
3.1145
2.9661
2.80661
2.9661
0.754498
0.588294
-1.62707
2.01038
3.14098
2.55847
-1.3166
2.4583
3.96073
-1.32238
2.23189
2.71912
4.25029
-3.82538
7.17351
3.6167
4.77903
0.871103
1.11048
4.11344
-1.09943
-4.62219
3.06121
-0.0502586
0.550598
-2.45008
-5.93906
6.8937
-1.59665
0.217826
-5.83464
-2.76972
3.91014
-2.51133
2.97059
2.36456
-6.91543
-4.54769
-3.67421
3.41731
-2.15504
-3.45753
-1.14973
1.67835
-1.12584
1.55478
-2.17796
0.492658
0.814119
3.76129
-1.17429
-5.07087
-4.47769
-0.594084
-0.505128
4.15744
-2.84636
3.18554
2.97742
1.78763
0.576446
0.425396
8.56013
0.118828
6.67781
1.08538
1.12363
0.151873
-4.24753
-0.737997
-2.07634
1.31115
7.53654
-0.635236
3.31649
4.23598
-6.66131
-0.352942
-3.33728
-1.38155
0.23242
-5.83958
-0.0671121
1.97063
-1.74738
-2.41063
-2.50869
-1.68057
-2.15255
2.33819
-3.09064
-4.25458
3.61102
-1.70948
0.777701
-3.19118
-3.52737
-1.26294
-1.89169
0.817689
1.78268
2.49011
2.18785
1.3273
-4.13221
-1.79079
-5.6296
-5.45108
-7.78705
3.50504
4.42631
3.85027
-2.48686
2.48771
5.55285
2.71075
-1.57692
3.55846
-0.564116
3.68207
0.273036
0.896497
1.44634
-2.67011
-1.58099
-4.31518
-4.01968
-3.12246
-0.209759
1.69802
-0.257381
2.94535
0.724344
2.13309
-3.354
-2.09895
0.0807071
0.58627
0.562982
0.579121
-1.20915
-2.94643
-0.738884
-3.95134
6.47463
2.94544
-1.69032
-1.06091
2.05825
3.38083
2.82805
-1.00389
3.9036
2.57128
-1.85365
1.19149
-0.644062
1.85435
-6.01291
-0.304247
0.905812
-1.51198
0.672347
-0.7668
-6.26728
-1.39423
1.79436
-2.29731
-0.709826
4.49684
1.54623
-2.63244
-0.240558
-1.48392
1.47736
4.5092
0.497417
1.44349
-0.719988
2.69806
-1.29002
0.886711
-5.9994
1.52122
-4.30477
-1.65673
-3.7734
1.79692
-2.86443
6.19875
-1.10314
-7.10912
3.85555
-2.63101
-2.56015
2.27177
-0.911459
2.02894
-0.789331
-0.593895
-2.70192
0.624836
-5.01246
1.51436
-1.69414
2.91443
-1.34657
0.806692
-3.83674
1.22121
-3.09444
4.77187
-5.83713
2.64698
-1.61973
3.53772
2.01978
-3.0128
0.174303
3.28129
-0.911519
0.677757
4.38449
3.11358
-1.87243
-1.03367
-3.26916
-5.91495
-0.0962098
2.87085
2.50142
0.0366173
-0.290536
-2.18952
-1.12399
-3.46875
-1.59363
-1.12807
0.548694
-0.0482511
-0.719256
2.16364
-2.11646
3.85751
-1.40333
5.30435e-05
2.90184
1.98851
-1.29179
1.89586
3.07458
4.47405
2.14415
3.67479
4.75686
2.83986
1.75503
7.38275
-0.933976
-0.203248
3.54291
-0.573577
-1.57859
-4.40092
5.01741
-4.00321
-3.82686
-1.94514
2.36221
-0.677322
1.67276
3.74522
-1.3103
4.76138
0.886947
0.818093
-3.93929
-0.502638
1.85984
1.02657
2.32136
7.76954
6.99708
0.737097
-1.08098
-5.07952
0.647531
1.63176
4.3969
2.31445
3.24448
-0.0900524
-0.539829
-4.37497
-3.66449
2.26731
3.97774
1.18361
-1.63958
-1.24251
0.569447
-4.68537
-1.43564
1.24198
3.46981
0.183973
0.19727
0.514263
0.330602
1.14116
-4.71282
4.42463
1.80876
-1.11857
1.79222
4.66911
3.6727
3.84776
5.40732
-0.157125
3.0434
4.39748
4.74809
-2.61333
3.4076
0.44272
-2.63641
3.30991
1.54031
0.935034
-2.29761
-1.16384
4.34513
3.74924
-0.0932186
-7.19074
5.90848
-0.288693
-3.21641
-2.16178
-0.624211
0.212183
1.83114
0.222105
1.081
-1.46503
-0.927228
4.74521
2.62995
-3.14741
-0.652042
-3.69027
-0.722468
0.294488
-3.04715
0.386424
2.41697
-2.80685
-3.81482
1.9452
0.0256573
0.630038
2.69603
-0.199303
-4.50794
2.1231
2.37476
1.48298
-0.373726
3.1293
1.80547
1.64245
1.07373
3.80942
-0.400318
3.32687
1.07036
-4.1698
2.31811
1.09262
-4.14404
-0.811999
3.33841
2.38057
2.31704
0.00206686
1.82223
-5.06453
5.84263
-4.14576
0.497784
0.00886528
2.44637
-2.69292
-2.21203
0.231369
-0.326249
0.589685
-4.30616
-3.32133
-3.46674
-2.27158
-0.296165
0.529402
6.73346
6.97597
0.0525429
-2.59831
3.47041
-3.53886
-1.47994
0.467001
1.95043
4.80924
-3.05444
1.64861
-0.497302
-0.535801
2.82431
0.141245
1.4672
-1.78793
4.99103
1.0527
0.384973
-1.68827
1.09128
3.10048
-1.45387
-0.487007
1.92096
-0.278113
9.55491
-1.15025
-4.30345
5.714
-0.194697
0.039013
4.1144
1.36293
-1.68311
0.843547
-0.918655
4.16172
-2.50487
-2.96989
3.38162
0.0182947
-3.9879
2.06701
1.23671
0.532656
-1.03044
2.24689
0.265085
0.817821
2.83131
4.90121
-4.02712
0.590164
-1.7461
3.84596
3.20433
-6.50963
-0.0370546
0.24736
1.34712
1.99835
-4.23521
-3.8174
-1.62399
-4.55036
1.00373
-4.27047
0.731603
0.21912
0.461698
0.242266
-4.74153
-4.89318
4.11131
4.40029
-8.66783
-7.39721
-1.84932
2.33923
0.63807
-1.26155
6.58743
-0.128917
-5.37983
1.39846
1.56818
2.72598
-0.299435
-2.4522
4.87495
-2.98131
-0.260276
2.12324
-0.633027
2.29953
-3.43156
1.34546
-1.90862
-6.50368
-2.39552
4.72167
-1.68969
0.092075
-2.70011
-2.44798
3.84154
-1.22615
-3.20962
0.244135
1.15563
-0.922695
-2.08287
-3.17461
2.97335
1.80815
0.117924
-3.77341
2.73308
1.93808
2.52629
-2.47191
2.67568
0.0280213
-0.956818
-0.0422106
-0.57349
-0.484871
2.62252
0.848309
3.43265
1.19354
1.57895
1.79246
-7.40745
-5.29929
2.65316
1.99763
-0.161634
3.72784
-5.01598
-0.926873
3.04751
4.60386
2.78692
-4.73157
1.13381
-0.96271
-2.71674
2.14767
-3.23714
-2.35083
3.84705
-5.24026
-4.87457
0.937558
-1.73008
-1.50364
0.263851
5.0164
0.00931909
-2.363
-4.80755
2.18668
0.877449
-4.94066
-5.34409
2.67364
-6.57146
4.11526
-2.18064
0.649262
5.16723
2.35
-3.50857
1.06587
-0.319691
-0.000659376
-0.945324
-1.30617
-0.297135
1.64982
4.06032
2.62331
-1.32524
-2.5338
1.1718
4.04056
-3.39774
-2.90666
-6.10959
1.76766
-2.23338
-2.62535
-1.88562
-0.506408
-3.96016
2.13892
0.103544
1.54541
3.81569
1.71561
-3.24447
-2.29069
2.84726
0.262613
-2.82777
-2.96843
-0.766683
-0.176849
-2.0983
-0.722243
-4.12863
2.58716
0.540943
2.68366
3.44281
-4.14912
0.502325
0.228259
-0.567481
-0.0213463
1.44961
1.89574
2.30984
-3.25256
-1.27595
-3.75813
0.813996
-6.91483
1.20915
0.902074
-6.38483
-0.136886
1.1137
0.0407973
-3.50891
-1.75493
-3.00723
-3.95876
-0.299687
-0.344593
-0.515691
5.43571
0.834792
3.48696
0.446089
-0.129887
-2.25652
1.99127
2.01275
-3.26858
3.12865
0.597176
0.6148
1.56905
1.91222
-0.500823
1.01477
-1.98322
-0.956227
-1.24243
3.01137
2.52413
0.581304
-0.16113
-1.64744
4.50827
1.54686
5.58034
-1.26586
-1.70988
-2.55421
2.28648
5.93159
0.386862
1.05517
1.17041
2.95041
-0.391757
2.05506
-2.671
-2.20718
-5.92317
4.09633
3.4553
3.83585
-2.08046
-1.6018
1.87023
-4.2107
-1.45064
-3.01126
3.97887
5.86515
-0.913641
1.99096
2.08065
2.54111
-5.6459
0.0362566
4.23584
4.33766
2.50556
0.897061
-2.10731
-2.1018
-0.5112
1.72603
-0.794946
2.95631
-0.758425
-6.58584
3.54886
5.85912
-4.83189
-0.0304952
0.26433
-1.54599
-0.673855
-0.947915
-0.992768
-1.53706
-1.42856
-2.87523
1.44818
1.46903
-0.581741
-0.980697
0.63985
0.404556
0.339309
-7.76865
-0.128971
1.0298
-0.907841
-0.370441
3.52723
1.98661
-2.91328
1.47793
-0.0510875
1.19595
3.80197
-0.742167
0.380299
-6.44476
3.34653
-4.55906
-1.80291
-1.12458
-4.03883
0.800419
0.120432
-4.45918
0.56355
2.27746
2.8822
0.319257
2.05718
0.671705
5.45149
-1.29651
0.377379
-0.175249
-2.17989
0.271351
1.13342
-0.344017
-0.53452
-2.33787
0.974992
-0.785808
1.81742
-1.67182
2.93707
0.430882
3.00129
3.01059
5.38351
3.19258
-2.34424
-1.88461
0.573387
-1.60879
-0.671017
0.757315
-0.844073
0.141275
-1.69008
-1.00079
6.96452
6.48733
2.64363
-0.43179
2.57824
1.5635
-2.85618
-3.27208
-4.93907
0.529057
2.87234
-5.32543
-1.41303
2.91793
2.31227
-0.0317457
4.34142
-0.353516
-2.08562
5.9242
1.10317
0.281419
1.4627
-4.07365
-1.23855
0.552488
1.45629
2.3328
3.3823
0.343959
3.26498
3.77712
-0.714265
2.67825
5.6442
4.4898
3.3653
0.229291
2.03671
1.09804
2.46599
-5.40412
4.85577
0.896035
5.27711
0.668644
1.37331
-1.18619
-4.27917
1.69211
-2.19668
-3.38472
-0.0521765
1.71114
8.11053
1.78982
-2.95999
2.41231
3.95756
0.961637
5.5008
4.12733
3.65047
1.32098
-0.901372
-0.928225
1.41741
-1.81935
1.50898
2.31591
0.311559
3.34874
-4.17598
4.78694
4.17259
0.536327
-1.56703
-3.43174
-2.83519
-3.98331
0.402082
1.92371
2.38305
-0.927336
4.07265
0.0379751
-5.9548
9.9307
4.48788
-1.18878
-3.26026
2.5916
6.93365
0.0187267
3.57967
4.27073
-0.685066
-1.91752
2.67311
3.81215
2.96717
-4.25804
0.861412
-1.08251
-4.62521
-1.29452
-4.21516
-0.956152
3.82058
-0.553965
-0.233298
-2.85197
5.50361
-1.42941
-0.316104
2.97988
-0.0911256
-2.13223
0.995618
0.425813
-0.818269
2.46181
-2.10952
-3.33314
1.79197
2.0953
0.0374965
5.27518
0.144647
-0.881714
0.315273
1.75501
10.8026
0.565425
-2.61822
2.26723
3.09125
-0.151528
6.23182
0.151246
-2.02428
-0.865821
5.48187
-0.769656
-1.00918
7.7798
-2.43427
1.18085
-4.50996
2.14596
-7.55664
-2.07264
0.137237
1.25949
2.14368
4.05855
0.467425
-5.54499
2.22186
-3.22447
1.51082
0.683178
-1.9645
-1.70798
-1.30758
-1.15785
1.54581
0.9501
-5.3527
0.401681
3.26901
-1.82441
2.58689
-1.93577
1.40545
0.934784
-0.567852
0.0778064
-2.78871
1.60079
1.76246
1.76246
1.22723
1.22723
-0.381077
-0.381077
0.654161
0.654161
-3.22911
-3.22911
3.09171
3.09171
-2.19661
-2.19661
0.244585
0.244585
3.12384
3.12384
3.22407
3.22407
1.93593
2.38606
1.93593
